11111001111110011111111011111111101111111111111111
11011000011110011111110010111011101011111111101111
10000000000110011111110010011010100001111111101111
10000101100100000100011000001100100000111011100011
11100111000101001100011000111000110001111011100111
11000011100101001000001111110000110001111011110001
11100001111111001111001100001100010011111011110001
11111011111110000111111100001100000011111111000001
11111011001100001111111101001111010011100111001011
11111110000100111001010001111111110000001110001111
11011111000110110000010011101101110000001100000011
01001010011110000000010111001001110011001000101001
01000010000000111111110110001000011111011111101001
00001010010000001111000110000010110100011111111000
00001111011000011111000100000011100011011111111011
10001100001110111011000100101111100001111111110001
10111000011000001010111111111111111011111111111111
11111100011111001010111111100111111111111101111111
11101111100001011000011001100111110011111101111111
11001111010011111101010001110000100001111100110111
11100000010111111111111000110011100001111001110111
11111100010111101111110011111000100111110111000011
11111000011110101111111111111000100011110000000111
11111110110000001111101111111000000111000010000001
11111110100011111111101111110000101110001110110011
11111000100000111111000110000000100000011010011111
11111111110110110000011111111000100011011000010101
11111111111100111000111001100001111111110000000101
11111111111000111110111001100111110011111010110000
11111111010100000010010001101001100010111110010001
11000100000100100000001111101001000000111111110001
11001110000100111000011010101100101101111111111001
11101011111111110001000000000111101000110110001111
11110011111100011111011011000001111100110110101111
11100001111100000100011010001111111101110111111111
11001101011110000110111110011111111111110111110011
11100100001111000111111100111111111111100000010011
00001100000111100000101100011111011111000011100111
10001110001111000001000000011111001111000011111111
10010011111001111111000000111011111001000110000111
11111000000000110000000110111001111100011111100101
11100001111000011111000011111000011111011110000001
11111001111101001111101111100001011101010011011111
11111111111101001111101011110111101000011010011111
11101111111111000111111011110111100001110000001111
11101111111111000110111000100111011011111100010111
10001111111111011110011001111100011000101110110111
11101111110011111100011001110100010000001110100001
11111111110001111100011101110001111001001111110001
11111111111111111110111111111111111111100111110111
